0
1
2
3
4
501
846
7
733
9
124
11
377
713
14
15
16
521
18
19
20
21
69
23
24
25
26
27
353
29
30
31
32
79
34
35
36
37
38
452
40
33
42
43
44
45
46
47
48
49
50
51
52
53
54
55
56
159
58
59
60
61
62
724
64
65
66
67
68
468
70
71
72
639
74
579
76
628
78
41
80
81
82
998
84
85
86
87
88
89
90
91
92
93
94
95
96
97
98
99
100
101
102
103
104
105
106
107
108
109
110
111
370
113
114
115
774
117
118
119
120
121
900
867
10
125
126
127
128
129
130
131
955
133
134
135
136
137
138
139
140
141
142
143
201
145
146
935
434
149
150
151
152
172
154
155
156
157
158
57
160
161
167
163
164
165
166
162
168
169
886
171
153
869
174
175
176
177
178
179
262
181
182
183
184
185
186
187
188
640
190
191
192
193
194
973
196
197
198
199
585
144
202
203
989
205
206
207
208
209
210
211
212
213
214
215
216
217
218
219
220
221
222
736
224
225
226
227
228
229
230
231
275
233
234
235
236
237
238
239
240
241
242
243
429
245
385
247
248
249
250
251
252
511
254
255
256
257
258
259
260
261
497
263
568
265
266
267
268
269
270
271
272
273
274
232
276
277
278
650
280
281
282
283
284
285
286
287
288
289
290
291
292
293
294
295
907
297
298
299
300
301
302
992
304
390
306
715
308
309
310
311
312
313
364
315
316
317
318
319
320
321
322
323
296
325
824
327
328
329
330
331
456
333
334
335
336
337
338
339
340
341
342
343
344
345
346
347
348
894
350
351
352
28
978
355
356
357
358
359
360
361
362
363
314
365
366
367
368
369
112
813
372
373
802
375
376
12
378
379
380
381
382
705
384
246
787
387
388
389
670
391
392
393
821
395
396
397
398
399
400
401
402
403
404
405
406
407
408
409
410
411
412
413
414
415
416
417
418
419
420
421
920
423
424
425
426
427
428
244
430
431
432
433
148
435
436
437
438
439
981
441
442
746
444
445
472
447
448
449
864
451
63
453
454
737
686
457
814
459
460
461
462
463
464
465
466
467
22
469
470
471
446
473
474
475
892
477
478
479
480
481
482
623
730
485
486
487
488
489
490
491
492
493
494
495
496
956
498
499
500
950
502
503
504
505
506
507
508
509
510
878
512
513
514
515
516
517
518
519
520
17
567
523
524
525
526
527
528
529
530
531
532
533
534
535
536
537
538
891
589
541
542
543
544
545
546
547
548
549
550
551
552
553
554
555
739
557
558
559
560
561
562
885
564
838
566
747
264
569
570
571
572
573
574
575
576
577
578
75
580
581
582
583
712
200
586
587
588
540
590
591
592
593
594
595
596
633
598
599
600
601
602
603
604
605
606
853
988
609
610
611
612
613
614
615
616
617
618
619
620
621
622
483
624
625
626
627
77
629
630
631
632
597
634
635
636
279
638
73
189
641
642
643
644
645
646
647
648
649
768
651
652
653
654
655
656
657
658
659
660
661
662
663
664
665
666
667
668
669
835
671
672
673
674
675
676
677
678
679
680
681
682
683
684
685
332
687
688
689
690
691
692
693
694
695
696
697
698
884
700
817
952
703
704
383
706
707
917
709
710
711
584
13
714
307
716
717
718
719
720
721
722
723
39
725
726
727
728
729
484
731
732
8
740
735
223
455
738
556
734
741
742
743
744
745
443
522
748
749
750
751
752
753
754
755
756
757
758
759
760
761
762
763
764
765
766
767
637
769
770
771
772
773
116
775
776
777
778
779
780
781
782
783
784
785
786
386
788
789
790
791
792
793
794
968
796
797
798
799
800
801
374
803
804
805
806
807
808
809
810
811
812
371
458
815
816
701
818
819
820
394
822
823
326
825
826
827
828
942
830
831
832
833
834
305
836
837
565
911
840
841
897
843
844
845
6
847
848
849
850
851
852
607
854
855
856
857
858
859
860
861
862
863
450
865
866
123
868
173
870
871
872
873
874
875
876
877
253
879
880
881
882
883
699
563
170
887
888
889
890
539
476
893
349
895
896
842
898
899
122
901
902
903
904
905
906
324
908
909
910
922
912
913
914
915
916
708
918
919
422
921
839
923
924
925
926
927
928
929
930
931
932
933
934
147
936
937
938
939
940
941
829
943
944
945
946
947
948
949
5
951
702
953
954
132
180
957
958
959
960
961
962
963
964
965
966
967
795
969
970
971
972
195
974
975
976
977
354
979
980
440
982
983
984
985
986
987
303
204
990
991
608
993
994
995
996
997
83
999