14
8
11
6
19
6
18
15
7
3
2
11
19
12
2
19
11
15
7
3
8
3
1
18
10
18
2
0
4
14
11
8
18
11
10
9
1
14
1
12
7
2
13
18
1
11
4
10
11
11
3
0
18
5
12
12
17
5
14
8
19
6
16
0
0
4
6
5
8
14
16
7
17
16
14
9
10
11
12
8
4
11
8
4
14
16
17
11
9
0
8
18
6
19
15
10
10
9
10
13
4
1
5
17
5
7
18
17
13
0
13
7
8
4
10
10
10
3
7
13
15
16
1
17
4
14
13
18
14
0
18
3
5
14
9
17
4
7
15
16
5
11
9
15
5
16
7
16
16
8
12
15
7
10
11
10
1
9
18
15
11
16
7
4
10
3
3
1
19
10
7
9
18
14
0
1
12
15
11
11
6
7
16
3
19
3
2
18
6
7
16
13
15
11
14
15
12
3
19
13
15
4
2
0
6
5
18
17
3
1
18
16
2
0
17
5
19
7
15
15
12
0
2
11
15
2
0
19
7
5
1
10
1
11
19
11
0
15
13
13
18
15
19
13
18
8
0
11
6
19
11
0
16
2
11
11
16
7
10
8
18
3
15
14
15
2
14
7
6
7
4
9
6
1
2
3
7
0
4
9
12
10
13
8
3
10
11
12
13
4
16
17
6
2
1
2
5
16
3
17
17
4
15
5
10
10
19
12
13
10
2
7
14
6
7
7
19
4
9
17
6
3
11
16
0
15
16
12
13
13
5
1
2
0
5
16
0
3
5
1
11
18
12
7
0
1
4
2
6
1
9
18
13
0
13
4
18
16
4
2
1
5
8
9
6
2
16
5
15
12
19
19
9
2
12
5
19
14
9
10
7
16
10
9
13
16
5
5
2
15
1
14
4
9
4
9
3
9
8
13
10
1
15
10
19
16
18
10
18
4
16
1
14
15
19
0
0
3
18
19
18
11
2
7
19
8
12
9
8
10
12
16
13
1
18
11
10
7
5
10
11
4
5
11
19
14
11
0
8
3
3
17
17
7
7
4
10
16
2
4
11
19
10
15
16
9
11
7
7
1
8
2
1
4
10
17
11
0
0
18
3
12
14
19
15
6
7
3
17
14
3
12
6
15
7
5
17
1
19
4
1
0
14
18
16
9
14
17
13
7
10
16
15
12
11
5
17
4
9
6
13
14
15
0
2
5
17
5
0
13
7
13
9
4
5
13
8
14
13
15
10
2
4
1
2
4
12
12
1
6
8
2
2
15
18
1
19
10
9
18
10
6
6
5
16
2
6
8
12
9
7
5
0
8
9
9
2
8
19
13
18
7
7
7
0
11
12
13
13
16
3
7
9
4
16
5
13
17
11
7
15
0
19
10
2
16
5
2
9
2
3
15
4
0
15
13
7
17
15
6
10
9
9
5
11
1
18
10
19
5
18
6
17
18
18
12
7
11
7
8
15
6
12
13
9
18
3
2
15
9
14
14
15
2
9
19
4
7
2
17
13
13
16
8
4
4
14
5
9
18
7
19
18
13
13
16
7
17
14
10
10
9
7
15
7
15
7
18
18
17
11
6
6
12
17
0
13
15
17
19
7
6
6
7
16
3
9
0
6
19
4
6
10
10
11
7
8
13
10
0
1
0
12
7
14
16
17
18
18
5
9
6
10
8
6
11
9
10
17
0
14
18
16
7
0
7
13
14
18
1
18
14
3
0
3
16
13
18
17
3
17
7
11
17
8
6
7
5
16
16
11
13
18
12
15
14
11
8
12
12
3
8
0
19
10
5
18
4
2
6
13
11
19
19
5
3
15
7
18
4
11
17
13
9
2
17
1
12
17
14
17
16
12
1
3
1
15
7
1
2
17
10
9
13
0
3
0
15
2
4
7
0
8
9
8
3
2
7
17
14
2
4
9
12
8
15
5
18
11
0
3
10
12
12
10
0
18
4
13
15
0
19
12
19
17
3
4
13
17
8
8
14
13
7
3
1
10
14
6
1
18
4
15
13
14
15
17
8
12
0
18
13
7
4
17
16
16
4
8
18
7
18
19
18
17
15
15
14
3
15
8
7
3
11
13
12
13
17
13
18
6
8
2
14
9
9
2
16
17
13
16
0
4
6
3
2
17
19
7
0
10
0
5
18
3
0
18
12
3
2
0
8
8
6
18
18
7
6
3
18
14
14
10
12
19
15
12
17
6
13
11
9
9
7
11
18
0
16
12
7
19
8
16
5
6
2
7
18
14
5
13
14
16
13
10
11
10
1
12
2