763
4903
6323
2336
5725
5861
4082
8267
6235
9470
9890
6119
9702
7333
7918
2682
9598
3664
9898
5415
8415
2814
8538
9835
1264
3411
8973
6920
9726
7285
9571
5573
3415
7406
9028
323
6730
5142
6893
1381
2578
491
6296
817
5299
3390
4902
7938
205
9678
6631
5276
4795
9241
8038
277
525
1625
2393
8870
2223
3150
2070
635
1984
222
6749
4280
6967
6613
1585
5747
2031
3763
1187
5703
1934
417
6063
7463
4351
1993
5386
8379
5253
6888
532
1813
5745
8550
6714
6534
3540
9617
8642
3232
3363
7203
4104
8074
9463
3741
1118
5770
8261
4833
2613
4884
931
7579
5631
6266
1733
3524
6359
961
3441
7339
1582
3390
9980
5410
9851
7116
7794
6247
6039
3329
9844
7931
4682
9028
5275
9284
9847
6853
3763
4487
3580
2845
932
5672
3562
5483
7711
1480
2333
2737
2112
1829
4395
8918
377
1173
5765
9913
7828
568
1470
6066
4774
2389
5722
1437
3165
998
8389
4426
6879
3636
1479
4479
3271
8623
1824
6963
1887
6107
9191
134
276
7707
2530
9794
1245
2344
5956
5471
2468
5478
4213
3794
2008
6703
8878
1632
6253
1698
1774
4771
922
4780
3698
3752
7990
9104
8368
2512
2625
3032
3989
1285
1784
4869
2320
7196
6007
606
2431
9911
2857
6287
3703
8159
6784
5687
5163
5366
4423
3271
7833
7169
1979
512
3629
3481
5610
5910
4978
2993
863
7783
7279
8773
6361
8686
6208
9768
9917
8584
567
9037
5282
8778
4121
2693
7225
2701
7428
6143
5459
7809
9291
6041
1647
1317
6421
1472
2962
5644
5355
3067
1680
7408
886
1387
3709
367
206
8308
9556
827
9713
3431
3378
4130
89
7649
8893
3215
9663
8534
7331
5745
99
4935
5347
7393
755
2917
2245
7406
2387
7891
4435
4122
9793
6794
3075
1209
3007
2909
1596
4971
6984
4510
4158
8149
8510
9761
1643
2646
3783
5438
8623
4576
2422
7033
4823
5654
6039
7509
6821
8690
3791
6338
3676
3409
7924
8677
517
9266
701
1138
3000
1395
5639
5470
274
9794
6873
1425
7505
1888
7043
6863
2369
6509
2205
5983
5672
1652
2709
9729
5174
9673
8553
3986
4861
9150
9429
452
1993
7736
7011
3109
7209
4619
4541
2378
4145
2280
3822
7395
8419
4998
1931
1166
9533
1468
8254
2790
4250
123
3012
4018
9448
1396
8616
5814
1218
8412
3379
14
8725
3750
3447
9066
4730
32
6893
1230
5774
5932
2466
7327
4522
254
4880
9507
6859
7198
6232
5616
3810
5663
9269
6888
9677
1486
8759
1937
1957
8939
7538
9292
6828
4901
6064
3481
7396
3010
7952
5666
7194
641
5779
3359
2994
1924
7059
6869
9221
8974
2029
4094
8088
1856
3391
4779
9166
1081
8608
6433
3017
1965
8684
4827
6442
5644
9119
2476
2007
4112
9402
2511
6525
198
3845
6177
5155
4282
3614
24
6732
2482
5084
1768
5033
2309
126
9285
631
5485
2701
3349
1667
2018
4585
9969
9610
5755
7838
4042
2460
5266
5991
5746
5012
3547
4555
8771
5608
7231
5622
9562
162
245
1021
5951
5964
7446
8660
4378
5599
1190
4238
1563
7891
9996
5573
2841
2165
2265
8281
6754
6280
9063
7514
7950
8523
5002
3771
8852
1671
4000
6954
2716
7584
3971
4822
2813
8835
5152
6470
9471
5256
8732
4381
2525
1653
8734
3116
5684
9181
177
6532
667
5575
3019
9613
6464
9273
9672
6717
4313
5817
9026
591
8056
2694
2195
8201
9741
7806
9571
8989
1672
739
7357
1017
7665
1220
3656
3634
5829
6499
670
4355
8911
2564
550
4843
9742
5689
3609
4210
9404
5637
8615
1846
3982
5669
7279
956
8922
7815
5679
4125
873
4518
3137
8253
9486
3358
5538
398
503
1952
4607
4342
2977
5970
7847
8167
1050
3437
9025
6258
7094
9067
2924
6285
3514
9723
6765
2690
241
7906
6704
2118
4207
2656
4169
8337
8419
6038
5421
8316
3225
335
7857
1144
2127
2390
9591
7431
2311
4426
743
6331
5085
3908
1118
3561
1070
7879
9633
7052
3744
9395
7901
5124
2780
7240
3787
8031
1548
2077
1794
4751
930
8991
9040
4817
953
3652
1560
5500
8761
6722
9492
3041
5552
9900
4751
5112
34
1473
1889
3168
2258
1652
8838
3580
7740
9326
9478
3399
1679
2518
2984
1255
56
796
3448
2331
9696
2917
1410
6861
7166
5418
3366
2757
2078
7088
8993
611
4595
7464
5043
9571
1143
8037
2190
9503
6031
4205
1578
5765
5390
265
1961
6468
6716
8097
9165
974
6884
4806
854
4892
8655
7226
1183
1301
8631
7777
1867
5067
3268
762
6895
2084
2598
226
4680
2012
3364
1644
9370
9239
8558
6562
3829
3786
5593
3186
1095
4952
183
6726
9283
602
3098
8420
9032
4852
3266
140
9634
5551
1279
7106
2143
8377
1572
5447
4279
9053
260
7634
2582
8002
5574
4429
3493
4025
5224
4773
837
214
2205
7166
9975
5821
3669
6045
3001
3795
496
2799
8151
6946
7354
5601
4493
6383
477
7895
2185
9909
5090
5022
9103
8287
4465
1342
7839
3889
7275
4583
5286
9497
797
2004
9752
415
2520
3673
94
1937
8287
7416
5273
2398
1557
2347
173
883
4394
6265
3348
7198
7243
7334
5832
8631
8577
6364
8300
5680
7347
3280
6130
917
2075
1533
9923
3229
1966
4043
2118
8295
6382
7679
5142
6619
1621
709
3313
5826
7634
8316
8869
2439
1233
6469
9255
5779
4589
3710
7912
9461
8643
9871
2275
4437
4645
4203
3009
4588
226
4221
2477
3652
5169
3115
7539
2887
8000
6827
1105
5314
733
3111
9446
2683
936
7686
1709
1404
9333
4165
5549
5127
6309
2708
216
8906
6378
3607
6757
1624
5342
1149
6863
3564
124
8611
6783
3152
6580
9648
7209
8078
9802
3708
9602
1834
9415
4977
5208
2111
7736
8198
80
1971
2061
5602
1348
4123
9452
1808
6252
6197
9522
3460
1999
9385
1614
616
398
7878
4918
400
3784
1130
806
7501
3007
8201
5315
4021
1449
4047
3040
6829
8966
6427
2695
6115
3157
3374
8666
4774
1779
8369
4592
6749
7953
6975
751
4201
2223
9992
4946
3934
7214
7299
5035
3971
384
68
893
6075
8665
8187
9514
9191
3367
8650
9773
7562
9058
5962
7891
2845
3839
9308
119
5480
6050
1974
8206
1523
3956
1080
6002
2494
9970
8974
8503
5484
7619
3052
2348
7725
8329
5983
1261
1490
245
6604
3720
3450
5948
1579
5957
79
1228
458
2972
8237
6340
2797
1602
2420
9623
2112
1852
165
3586
5093
3338
9934
3027
2659
5464
5815
5194
9970
5234
215
6907
3248
5337
4328
4604
2196
878
2969
4289
3827
359
3910
961
8176
6597
6262
6926
6442
297
5216
1388
5625
3101
93
1508
319
8339
9642
6069
9560
4792
4881
6049
6839
6218
3060
8258
3794
7969
9528
7542
2772
6414
3117
6627
1312
458
5450
8255
1079
4091
8567
8861
1326
9643
4186
6470
657
630
4067
3647
539
966
6032
6677
4278
1229
3407
9873
2409
9680
7690
3352
7658
2303
401
5896
6796
3658
1542
1575
9619
2438
641
3642
8914
5818
6512
2310
9300
4633
2138
9221
931
3820
3874
1877
7723
1591
3741
202
6420
8437
1671
6193
5188
2096
9787
9526
5186
2387
4313
5052
9217
1223
2683
4685
7330
5991
5769
8036
7825
798
7065
8134
5106
2423
1321
3231
1496
966
8795
8934
3029
3713
289
8488
9073
3721
1937
9959
7087
6682
3662
3052
1105
2528
5115
8079
1337
8677
6274
817
8011
6537
4720
8631
1342
6621
2479
2378
8097
5059
3227
3363
8695
2315
3844
2807
3387
317
1421
2488
7716
1561
422
1249
4627
306
899
2290
263
5524
7765
8676
5895
9464
7114
6655
8606
6604
4372
9437
6343
879
2638
6051
8599
6966
5244
8363
4537
266
7827
5433
4599
7049
4689
2969
2919
9389
4695
436
6007
520
9871
9306
6915
2935
1355
8353
3098
1654
4798
8675
5689
8351
8478
9667
77
2298
7296
3776
5669
8931
7625
9863
1794
4998
7531
3978
5331
456
3160
4038
5719
7029
6366
2915
298
9961
7079
8690
2591
9024
1694
9888
7219
5213
9064
325
1720
4814
8387
9634
7302
8259
4218
7736
2010
1768
6384
1964
365
173
177
5741
560
6611
6628
6568
8085
5655
6959
8902
9183
5576
6640
4425
349
3468
6242
8486
359
2046
6233
913
9278
4290
3546
5737
3937
4353
5532
6867
50
8639
9578
6893
2078
4359
6079
1565
5365
1950
6836
9758
2962
3757
7207
5160
7373
9348
9716
167
8930
3372
3133
4326
1756
5962
5663
2719
8097
3020
5488
6809
9489
1181
815
9249
6304
6997
9708
6528
6202
5995
6936
7281
3788
5707
9613
1360
6961
7676
8506
7262
1059
1916
2716
1014
9068
9435
5578
2492
2177
1072
4122
6367
2116
8523
5582
8126
7733
4749
3130
5061
1193
9655
7250
9045
8286
6544
7393
7627
9908
2909
5211
8585
3640
2183
417
2134
2205
4926
2431
7504
8102
1015
5023
7909
9062
1937
8945
9260
5115
88
9992
7522
916
985
4448
950
792
282
5318
1762
3801
7472
8844
4332
2582
8624
4271
309
9994
5498
5899
1877
3909
7919
4915
4700
6888
6152
8146
6587
5730
8799
3022
5335
524
3068
5010
7289
5879
9797
110
5240
3126
8051
4493
9107
4418
5145
2986
1333
6099
2888
9700
7272
2245
5115
9828
2114
9793
193
8566
8764
1381
9661
276
6976
2196
7242
2157
5700
2791
5979
1291
158
1044
7206
4593
33
1171
9481
7393
413
8913
5172
5021
6683
7196
7993
1143
80
1851
5813
1305
7329
1670
6612
972
1429
9708
6137
7235
5759
3242
4657
2640
6497
1546
9317
7396
3073
8017
9050
1764
4455
2455
3140
5258
7259
3034
6397
5052
6080
4191
8368
7069
9135
9139
859
4939
858
7627
9889
6950
4921
6591
2589
9624
8579
4363
6207
2026
2256
2770
546
9539
1634
6571
1641
9257
1332
5404
5998
3051
285
5351
4733
932
2412
9868
908
7403
7956
7796
9568
6233
430
7704
6245
1916
2243
7865
3111
5482
1140
9521
5765
225
7116
1728
1915
3687
9437
515
6134
8230
5477
9590
3152
166
361
3880
8854
7531
383
5337
8765
5424
4543
2513
3220
9126
4594
7732
4240
8985
2855
3385
5980
4544
8502
334
9962
9511
9107
620
7162
1165
8947
9807
2741
7636
7096
7438
8874
9295
7490
4163
8481
7304
3573
2420
9656
7923
7404
9641
4227
4123
1636
9018
1305
5794
434
8436
5833
3407
5728
9947
8690
5256
5443
5980
3280
8190
625
3594
2658
9958
6684
1220
8458
141
203
7730
742
7770
951
4826
122
1748
2812
7991
3340
8282
9879
2601
7960
3751
2667
7952
7622
9056
8493
8269
251
9860
9131
7191
7339
2431
423
8213
38
1990
9276
9966
6018
6800
8418
8160
410
8351
943
5876
7519
2301
3538
4487
5670
2181
6329
9996
6705
6915
4357
8112
9914
585
8523
5580
5504
409
5162
7812
6900
3076
6008
8458
6629
2304
6875
6475
9883
2203
9427
2339
3155
3615
8100
5299
3775
6455
50
3483
420
264
7924
4386
4795
1446
3018
8646
9395
8066
8144
1180
9774
1527
4701
967
7260
6315
3261
6211
2646
962
3667
9582
3049
3290
1341
5776
971
8644
989
266
4483
8336
3592
4359
5180
2767
2822
5185
2566
4085
8352
5705
7023
6431
3559
9120
4003
9326
993
7705
8623
2365
2945
9219
6369
1352
4597
9886
3329
5672
363
7492
7483
1343
5416
2757
9341
7320
695
4093
6495
3507
9802
3416
7528
562
2170
5534
2925
6503
4411
3188
5644
687
9973
5419
8459
933
1004
2981
5098
1639
2194
7739
9243
2264
7542
1463
4933
9794
8854
543
1190
2616
6909
2354
5966
8954
4931
6158
3223
8612
5421
902
8433
7115
2814
4424
9693
7660
468
9331
8824
1084
8046
3835
9847
5209
5905
873
4550
5269
5831
6331
8604
3425
7953
7313
1067
555
3278
1528
4604
6445
3985
3846
49
5972
8642
1049
9969
1839
938
2358
2312
601
9300
1909
3716
8629
7368
1021
3363
4387
7451
2281
7602
1232
1206
3463
9092
3937
8826
8172
8200
2851
2462
2175
9722
5928
9406
5847
4861
4761
5287
7252
6940
6653
3430
2692
9145
831
6061
1516
4762
2927
1400
3415
9307
8762
1852
6226
6586
9427
5508
4948
561
7408
3928
1637
6162
9914
4041
3754
4484
1447
1227
7661
2326
1946
9419
1660
9504
2865
4854
1068
8493
2463
4755
1289
2833
8589
3401
4094
8909
2080
5481
2067
9894
9534
3535
4317
3036
5044
1848
4548
9362
331
1563
2894
8559
8713
675
7915
4503
80
9214
4594
8154
1436
5362
6114
6618
5839
7095
8497
4813
2515
780
5242
5179
8121
4462
3910
5418
2799
4002
4480
7879
8630
8968
9131
5381
7290
9920
415
8981
2723
6943
9535
6011
8767
5627
2434
6459
7962
3254
7161
6851
2629
5033
9562
9153
7151
9485
6231
4655
8793
1349
7413
8407
6381
591
3035
5535
4876
8952
5070
4225
3315
6295
3088
1679
1599
2592
1
5104
9226
9448
1095
2758
8383
9602
7612
7959
1092
3229
6499
4548
6760
2661
4638
2636
1832
1421
9275
9770
5176
3759
8445
8534
3971
2391
9803
4651
6440
7539
6876
5640
4012
1162
3976
6046
6488
1691
9585
1606
1594
341
9710
372
4456
1873
2354
7816
4107
1394
7550
6845
6739
1872
8350
3183
439
3100
4120
6544
17
4735
721
7232
5659
2250
6492
7426
6196
1446
3967
9043
2314
8529
1082
7961
7051
5642
6616
3078
1302
7408
2011
1177
2050
6925
8146
1100
7536
5354
7164
1058
7494
5652
2963
2753
5590
7957
8951
618
8253
8258
1264
9652
8539
7725
5741
8553
353
3576
1804
291
300
3492
7873
7472
3449
4683
2350
9517
9703
4262
1984
3195
1405
4982
6147
7399
5427
7339
5664
6238
1352
205
7602
9410
5366
7409
9245
4217
1556
7990
162
8704
2957
7287
9690
27
5814
1730
6299
1461
12
7049
8501
4456
7733
3105
1087
3448
9311
1624
851
8487
4135
9513
1285
7876
7331
4422
9445
899
948
3239
3528
5680
8168
8568
1904
8145
593
9446
5707
4408
3580
6839
5519
9256
1641
1997
909
9109
9625
2294
111
3194
8562
224
3084
2865
7547
7217
1055
9576
8875
7599
1020
6338
9374
9666
3293
2101
8698
8169
2403
4751
3778
9693
2360
1446
2513
5512
4602
6982
5307
9186
6558
3820
1648
632
8705
6311
5309
7564
892
9636
1767
4352
342
7814
3687
3073
8077
8189
8831
4458
3272
4605
1534
6863
1901
2049
4164
2745
9714
2219
4323
7938
3730
8668
9164
9919
4919
1709
2185
6716
3144
1907
9073
2834
1014
8761
9535
2708
1469
4324
6881
1580
2661
3965
6240
6201
1483
8996
2419
6227
3408
4158
1849
7548
405
3774
3770
7046
9279
1954
2522
771
4003
5097
3185
1180
16
6028
5826
4533
2773
9183
1594
9408
3180
8125
4541
7492
4158
5637
2254
5797
4234
4423
5256
9863
7171
9666
7057
3937
5654
562
9860
9291
105
2666
7237
8692
9943
4011
3661
8045
6560
6721
2448
2839
9661
1342
1368
483
9561
2112
1661
4663
6304
7219
4108
8301
7892
173
5016
6754
1541
9611
315
5616
9201
4611
2250
6518
3192
416
5403
9931
8080
3173
5878
2001
1230
9202
148
2811
4372
1830
3478
9810
3517
4027
2940
5563
5250
8622
1187
5245
9306
321
3668
8830
7821
6946
1212
2080
3692
9900
4660
4305
3964
4766
8177
9992
8157
8843
7501
5288
9801
7115
6570
4701
1544
8559
5327
7664
7332
9191
2683
9427
4362
4953
8425
4130
6094
5755
6920
3397
4667
3328
5184
1233
5657
1401
3219
4356
9043
2225
187
7700
5317
7928
5617
3927
4557
1400
8795
5127
2896
9985
7900
8760
3242
6526
5980
6884
8447
3773
3167
9344
5259
457
7033
832
1923
4690
7333
8598
7925
311
7174
4187
9263
1962
9521
516
4739
7367
1700
8661
6844
5624
2953
9793
6714
2903
4183
8241
1078
5705
2871
1867
7519
331
5205
3241
1079
904
5049
7170
2432
6497
1488
5101
3827
777
7436
4022
1560
9219
3557
6722
7582
4220
2774
9673
2734
3429
9038
72
4000
3043
5703
239
9597
5352
7399
2240
2259
6210
6472
9877
1430
8963
8140
9953
4331
6321
7216
7188
4626
1193
1974
7737
5896
6760
6011
9479
7229
1220
3169
7568
5833
6503
8196
9813
6455
9844
4375
7787
9103
8641
1568
6393
2517
8498
5850
5014
9889
4561
8667
8460
7843
4398
9601
3278
7047
7564
8869
4858
3053
2966
9838
2425
5271
4631
8395
7945
2943
5563
3313
3113
8240
804
5177
34
8127
9333
4117
5880
7909
3510
8221
2035
5247
5658
6361
7140
9394
1501
4937
8836
484
40
4828
3619
7820
3563
8935
9539
4541
8436
7499
3696
4001
3271
5689
8354
5021
7490
2017
9538
2181
4937
7456
9300
7303
5104
1181
5424
6696
2602
384
3621
9661
7036
4801
3609
3631
9829
2671
3700
5809
2273
8664
6910
5511
9555
7832
4990
2395
5198
6281
4826
5404
8046
4336
7299
6560
6822
9386
3577
3058
9724
3178
451
2145
4178
8947
1535
3050
6972
9625
7891
3628
9050
7754
9983
5275
8201
2949
9718
6
6969
6569
4550
3660
6376
1385
554
603
5500
1650
7575
6479
813
8582
2986
9385
7086
5191
3293
1133
5788
6603
5668
4366
6681
6316
1471
9728
6931
5668
897
3897
8096
2507
161
538
2250
6803
9660
8209
581
3897
6022
535
1385
8103
8396
5805
7827
578
6436
3581
9734
8395
3286
8771
8199
4504
8007
4253
4605
416
4554
3632
2414
6878
118
7226
7877
9046
7826
7819
6046
4700
1126
7436
1042
471
3355
4147
4398
2085
3902
8938
2197
7502
1297
6666
8394
9523
4170
158
8457
2418
1545
7694
9634
5068
9964
4509
2992
9925
3389
1977
4171
3113
4193
7940
7007
4562
6908
8027
4879
2441
3896
8613
4001
3287
9159
1387
6568
389
7048
9193
9228
9057
8849
8068
7449
446
8324
1477
9712
1434
6650
5107
4942
1307
2996
9994
7150
109
2060
2530
4477
4441
1447
753
1143
623
2800
9835
8028
387
7490
7613
9690
9441
7239
2071
4833
834
6942
5587
8523
9780
4186
2890
6003
1169
3338
6496
76
3526
6346
7965
1693
7281
6472
1297
6037
2930
6837
7164
179
2810
3327
948
6414
8572
9337
7386
4633
3266
1071
8745
8916
2839
9889
5013
2737
9394
2764
3705
2700
7398
6359
8967
8060
1301
2625
2130
5816
8218
70
413
8593
9362
9824
4671
4198
2857
9168
4183
2110
8414
2584
7580
2328
4287
7964
1729
6426
6816
3813
4858
8429
1111
5322
107
3846
3731
830
4472
6544
2293
9177
991
2203
6367
8365
271
5517
7059
5839
8396
5455
9496
8056
7206
4031
5032
4
6333
3753
3828
8962
7941
6733
2344
3062
2484
8943
2490
5279
4204
5471
5723
6773
915
2540
7117
48
3487
3774
627
271
3012
7022
8301
3660
1841
2894
254
6196
6621
7216
3899
7555
1606
8975
1468
1830
520
1732
1958
3747
7595
560
5651
6701
2792
932
2480
2278
9661
2079
6891
9105
9761
3979
1095
4952
7101
4678
8638
542
2956
6531
7816
824
2390
3608
8830
4591
3492
5171
9262
5073
2123
9006
6201
8452
979
6945
6545
1746
195
5973
8128
7846
2105
4090
1389
2884
9668
2004
7744
2483
9915
5148
2560
4307
5183
5271
5085
5436
4763
895
4397
3167
1465
2095
9773
9781
878
5957
6126
2661
5899
3010
1991
3248
3433
5686
874
7142
7168
5145
8519
7792
9927
7807
4335
466
4419
9264
9643
7243
1905
2575
2730
1172
9246
3251
7748
1820
1692
8643
1362
488
5909
369
3173
6162
5669
2024
9066
2685
699
4886
5398
828
1663
5130
5492
8766
498
6329
990
8109
306
2821
2488
4525
2401
8442
6074
8684
7295
3446
112
2575
5414
7364
9571
6675
6726
3779
2176
6721
1532
2882
9203
4336
4123
9458
1041
294
9372
4643
8378
7083
9842
1905
9218
6277
7101
9139
5764
2103
265
6130
5275
6633
1707
6909
783
8779
4113
1855
3595
7810
2294
6654
8395
3463
1680
2413
8597
7464
8525
3755
2881
206
2023
2475
7634
9455
9838
4867
8079
60
4244
3918
2079
199
1180
4843
1868
8745
3825
1552
3199
4436
4392
2420
844
8596
2101
5818
1461
8461
9561
9119
3558
3406
6870
9549
106
2982
782
2663
2020
9474
2721
3117
9305
2260
7870
7268
2524
4264
2348
6546
660
8443
9588
7883
6731
2342
9779
1771
1915
2003
5031
8555
621
79
7079
6256
3123
5355
6734
5803
1040
4502
567
9340
4059
5386
8855
1531
8816
1254
9719
7149
6806
1245
2258
9836
8881
4820
8361
2757
657
5941
7334
4511
8753
3078
4630
7656
4961
9825
4670
4146
740
6418
6129
3290
2797
9813
6710
7404
4650
3762
2393
2980
4016
1322
2995
4708
3833
5892
6554
3093
5389
4718
6157
1242
5273
2425
9863
1566
9996
9002
769
3390
8153
3690
2971
4881
7021
5905
3358
6091
3131
4281
3557
334
6542
101
3599
3313
1787
1655
4201
5937
3410
8870
3939
2356
7316
8898
9524
5166
6024
2583
1115
3978
5895
2406
7575
7187
177
1528
8995
6533
8671
402
8871
1775
6582
570
6639
8429
7568
7322
8434
9680
8748
3536
8980
1325
9619
2277
9157
8412
6435
5538
1711
5437
5141
5496
7786
9621
4438
8377
8708
1125
6634
4948
8872
793
7287
336
7287
7454
8844
5508
7835
2067
767
5637
1596
1639
1329
6268
2976
3124
5486
8792
7719
6709
5550
2855
481
8950
404
6199
6129
4442
8357
5887
3281
7043
6806
8806
60
8795
6420
4459
2234
150
2239
203
3327
459
821
4528
5191
7770
2014
8798
2870
4266
1615
268
4798
1855
9819
9781
5595
7066
8922
2953
8909
3774
6837
8791
1239
8727
8141
5755
7207
4882
7344
9358
374
8757
947
2330
856
591
8194
2398
4467
3338
6904
7793
7064
7410
4963
9295
1277
6051
5484
4060
5474
639
1039
1743
2951
7020
8219
8662
2257
8166
6898
83
7895
415
7199
741
956
4449
4199
775
7948
8292
8788
6233
6889
3751
3277
8887
5660
4898
8882
2820
3914
9609
8100
6087
9554
2140
9547
3655
7583
9329
4079
2861
110
9788
9206
5778
9385
659
2009
3696
5958
5562
7481
9368
8084
92
5041
7296
6737
5837
660
6495
1730
2835
158
5803
3331
3671
3052
2026
7715
5421
3749
3646
5037
513
4239
8817
6550
9765
2810
1489
8560
1702
2295
1833
5086
2738
6089
9590
8825
8504
5392
1845
4580
1398
7882
8993
1161
215
3436
8080
7793
3410
3567
1842
2890
9714
9086
1725
708
6913
6953
5821
2944
8460
2400
9712
3618
2763
4767
9454
6224
7305
262
4142
5755
889
7267
4142
1724
6735
1668
5619
5241
2466
4237
5342
6290
4268
1954
2756
3825
31
446
3961
8662
8117
5215
1685
8598
2809
7190
4294
1653
6778
7206
5189
201
304
9752
1887
7960
8877
1333
4926
8893
8559
204
7215
6841
4571
7440
3144
2134
5622
5000
8769
4093
3145
1949
5085
4914
3687
5092
5072
2390
1087
1324
1632
422
1638
7371
5335
7583
7122
8367
7574
8665
6203
4558
9676
9319
3678
2877
2280
1845
1263
3037
8931
3570
9872
2387
6068
9150
8809
8502
2421
7412
9681
3912
5098
2262
5822
7309
8537
6134
1537
509
1777
5076
9456
4008
9124
9085
4665
4525
8949
2131
77
4529
806
8382
341
150
9831
687
4346
7957
1488
4673
9175
1225
7083
9402
2347
5373
6295
6578
4880
2159
308
3622
4178
2670
355
1294
7297
910
7620
7393
5019
2730
7096
2453
1718
2098
155
1262
485
8998
7749
9633
61
9578
6172
3685
3067
5194
686
5795
4408
5010
6481
1718
2365
3914
9959
24
8445
3021
2477
7214
1626
1069
1399
6513
2100
1496
3009
6218
2705
6366
1639
8391
461
2154
7222
8646
4777
5537
4086
5537
8771
45
665
5795
6967
5359
9166
8059
3464
7345
1781
4334
4363
8634
6795
1475
7322
5858
8713
7558
4710
1222
7732
5435
2928
1612
9726
5332
7996
3016
9803
3617
6598
8601
1700
4661
9714
3594
9011
5594
5412
8818
4269
9898
6880
8102
5034
9584
364
2267
3399
1688
9011
8726
823
8666
2129
8654
6900
7442
1449
9541
8121
9837
3550
9157
2897
2893
68
1606
9049
9620
438
3116
2704
1596
2735
1371
5808
565
6992
6334
8792
2485
9146
6867
5316
3539
7487
2116
3977
8295
7195
6213
3978
6347
3260
4709
3595
2559
187
2943
73
9045
3962
1194
6586
2344
6715
3612
3334
2962
573
7504
3962
3666
6914
6630
2033
4921
3352
3785
7762
9280
6625
9402
4917
2459
6000
617
2279
1747
5224
1802
2564
8798
3960
8168
7723
59
7371
5511
5551
6175
2298
9622
8941
9374
2835
8629
1978
9725
4545
8676
4679
8874
1144
9529
536
6615
692
5611
5383
3146
1630
2466
3942
2406
1863
1527
5859
9665
1187
5316
3186
5951
7324
9857
5664
3353
5053
5768
5003
5215
6672
2823
7738
5163
474
9839
5339
3904
4298
5140
8500
2501
8010
251
9842
5161
8637
6975
6063
5720
8583
5704
6158
9425
3531
4038
3427
2529
4583
7541
1910
1408
7431
429
3866
1217
6600
5597
9885
8767
6095
6683
697
5035
155
8342
556
8443
9001
5439
2238
1963
2547
6682
1692
447
5153
4579
6986
4209
4864
5453
3884
2762
157
768
2337
5675
5743
9964
5039
4675
587
1058
5128
7042
5078
7139
7592
7670
4953
8650
6531
7771
7972
2108
5053
377
5393
6998
9147
1972
7046
2020
3403
9114
6479
5988
3755
3019
7767
6970
6837
9068
3995
8480
5070
1466
5637
3863
7958
2586
6569
336
6226
3274
4153
584
9347
5814
3137
4222
2025
3710
2050
8442
3125
561
8160
1511
439
1744
8799
9468
2207
6617
4818
9245
7581
8607
6566
8789
6244
6404
6932
3551
9218
549
2719
4884
3173
5483
4542
2945
8947
2740
2484
5435
9472
5650
6324
4059
1513
2164
8171
6897
1506
460
6444
6128
3888
1633
3762
8670
5909
2917
2791
9154
2521
6306
5797
5085
4246
3203
10
3816
1847
692
4805
3288
3680
1863
4716
8982
1504
7027
6066
5130
135
7000
4903
8922
9767
4407
4179
2528
2350
6173
7820
1864
7646
2839
4326
3776
3236
2001
9234
5064
470
3670
144
2934
4019
9822
7449
1261
8840
5653
5683
3332
7874
1926
3039
866
5824
2425
8411
7845
2866
2064
9341
7102
4362
8612
2640
2450
8649
2049
5071
8483
953
4319
7682
6912
7081
4003
8472
7145
3914
9473
7719
1001
6871
6477
8334
9854
4234
6337
499
750
783
2661
9413
3537
6
4545
164
9371
5020
5942
1058
5944
116
6914
6630
5025
2245
9461
7893
3026
5265
2739
1858
3377
2209
873
944
1106
4046
1339
1296
2300
8057
8591
108
821
2141
3926
7489
9035
341
1524
7144
1618
9910
5876
2617
4861
6557
8236
5204
5278
6380
7390
762
524
2305
2457
2522
1857
3945
2041
3559
8884
2994
459
1811
965
5847
8347
8636
266
3986
6000
8327
5024
5761
8051
1964
6320
4570
5703
9558
8103
1612
3046
5191
6778
5995
1289
4612
6837
6407
513
8451
9422
1028
8180
4750
478
4219
5702
5874
7580
4220
6900
4398
5602
4157
6911
9647
7526
7371
3411
4227
9322
1953
1183
9570
1945
8835
4286
9740
8829
8786
7879
6249
2827
45
2448
1164
3809
5784
5482
5561
3144
8092
2610
6233
7974
8112
2954
5593
4366
2948
1512
2384
3394
6798
6467
5355
4566
4140
6904
2014
8617
6439
547
8697
1306
6732
7360
3620
117
5767
3382
5224
9798
5963
8996
8817
943
8055
1973
2604
1039
4929
7260
1788
9320
6765
4461
4708
1271
5305
5780
5161
5631
6886
314
7112
2771
283
1985
8545
7305
9397
643
4328
1840
9939
9983
3071
355
884
8709
6707
4446
3393
8307
8436
8623
7905
2903
4687
6635
8657
7017
3311
9958
1436
4430
1282
9793
5656
4273
838
8078
9147
5397
5923
8990
3899
166
5522
9540
6031
5995
1922
3842
800
1123
2104
6855
9918
7153
8279
2162
3187
8491
326
9431
8399
664
5190
9062
7024
5216
7537
552
9256
458
6143
5653
3429
5666
8456
3971
9203
2242
7314
4387
3908
9457
7553
6562
5855
9510
8762
9314
441
6049
847
6954
8836
2262
5715
2109
5415
8980
458
5678
5770
2643
7146
3068
8967
4827
1749
2327
4425
5276
1464
5714
4877
8202
5522
2443
6244
3482
6695
5919
9651
2242
8958
3187
9879
6998
804
9774
1052
5451
4918
6220
5067
1124
4360
9844
8473
6615
1785
7713
4577
3744
935
7544
857
3139
4852
981
2889
8277
4174
6120
906
3357
330
7457
160
3252
5553
495
3248
4936
2608
5320
3450
2975
6207
1304
416
7803
4034
227
1632
7406
3536
9760
8449
5480
6772
3185
9088
2917
3782
3229
3090
14
8620
1535
6681
446
3723
1317
8929
2797
8600
97
4627
1607
4080
9294
6030
5568
4957
9415
909
8954
8706
3702
9474
1460
4585
553
4867
5686
8622
2403
440
8596
2167
6888
9195
5630
9811
145
1323
7014
7306
5567
9874
4986
2521
4951
3261
667
2371
5764
1910
8058
3231
1258
8490
5488
1359
7372
5855
4008
3762
9777
1618
5973
5924
3213
7368
5445
4268
6215
7110
5149
9009
8165
1744
7230
9473
2235
3975
1532
416
3999
1264
1967
2417
265
1695
9829
3602
5548
9702
3140
4004
9669
3895
2343
6534
7217
8291
4634
7639
7156
2303
9806
2379
7383
3745
8382
4266
6593
2171
4343
3005
9573
547
9455
1402
3857
3488
3107
3735
3845
9544
3071
4943
7520
4761
7739
5884
3825
8267
8122
8924
2896
9706
4561
2117
2937
2540
4017
8881
151
7890
3034
3530
9799
9709
9051
7055
6623
5808
9154
4331
1328
7742
1107
40
5635
2829
984
9642
8836
1170
7445
5254
5780
8170
1276
6924
167
1372
8135
2505
9884
8966
9859
2914
4672
1261
2899
4852
4522
696
6121
6272
3144
7246
7482
3930
2612
1809
2046
2942
4877
5168
8733
2023
7900
5115
7042
4734
6371
762
9010
4712
2675
8948
2826
6124
2862
2014
6596
318
6235
8025
5667
2499
6209
7203
2494
1568
7502
2532
2327
4710
2408
2650
5559
7828
5610
2480
9459
2610
7914
5472
3236
3568
8099
4861
5921
9762
7183
1063
6641
7591
2088
6796
5072
5302
6957
7148
6598
619
95
1722
1546
4611
4287
2083
4322
9263
7089
4756
9732
6853
6981
1475
6594
5716
5159
4560
8384
8960
1396
1084
9861
8305
1415
9163
8549
8964
9544
1945
9379
2730
9070
1549
1983
998
6010
5043
8741
2387
5763
3509
7836
5130
779
6035
9229
5779
1906
1208
6669
8153
3798
1675
4007
446
4174
5251
791
1153
8099
5438
3447
6150
7450
6927
1328
9206
4124
6225
19
5169
1071
5812
9286
4338
23
5575
1748
5014
8496
2659
1935
9010
9525
1439
116
2978
5354
7363
7406
2640
236
9754
7364
2482
9985
1744
6334
1676
4597
9669
6971
8251
9685
207
8120
7074
9867
640
691
4440
7121
4581
6380
9286
4119
1715
4062
8802
4747
1395
6474
3366
799
962
8135
4654
9091
6144
4781
3353
8741
6710
1285
7216
3164
4645
1143
932
7278
674
6859
7747
9213
7590
7612
2548
7326
6829
2739
8075
5563
9703
6033
9739
9162
7695
5419
6386
1486
489
6470
2596
9917
2343
7313
231
9753
176
2250
654
9572
6802
1220
8565
6125
7104
5505
4833
9265
3725
9407
7653
6669
5491
4803
872
3285
6081
7818
3636
5358
1705
3755
2191
9926
2999
4930
3280
6315
5398
7524
7914
934
5163
122
5676
3894
5086
7509
9976
2132
7165
5211
199
9930
3436
5051
4561
1671
7639
3945
7522
3864
599
3741
2959
7347
6581
4172
6882
8975
2679
4221
5238
1844
6442
6473
9658
8683
4581
7307
738
1034
6254
6046
9565
4918
9379
5353
6817
5141
6136
3769
2295
4124
842
5630
8187
4995
735
9299
3651
5689
2384
9905
2835
1813
2299
9229
1116
3744
6974
7132
5808
4278
8415
901
7821
8656
5840
2407
4411
1945
4090
892
6943
8006
7114
2711
2644
8743
8884
9496
405
7195
368
3287
985
8069
6003
8349
1276
7587
5495
20
2254
6881
8129
585
7061
8296
2581
318
2646
5348
100
9921
9495
5529
1987
9587
1456
8223
6524
2200
6079
484
2650
3237
7701
744
7245
3353
5119
3449
8447
525
863
1085
4401
2902
2010
1969
9483
1385
188
3527
6135
7698
5383
5986
3554
3410
3069
3132
5137
6534
3989
5684
6346
8634
7969
2792
4616
4353
4099
4688
4669
9378
8603
6571
6533
4061
1874
4891
3792
5336
9977
763
7015
2882
7645
9483
7098
1408
640
1287
2282
1440
1767
629
5397
4204
6198
4960
9770
9418
8334
4094
6082
6886
3253
4306
654
9716
1283
2919
6077
5202
8432
8325
1
6664
5439
599
6855
8036
5886
6584
6812
4823
5986
8903
2455
6151
3004
9320
6304
6210
1719
5489
8257
7901
8124
663
1390
1431
8089
1038
9280
6741
55
6891
9625
9133
3323
87
505
3951
2312
8687
9149
1563
7067
99
1407
2593
2650
2497
8973
3623
422
7758
9367
3296
8651
4271
340
7727
3060
6089
1961
5307
3145
8348
6178
3616
3304
2857
9924
8252
2190
7253
4945
6949
1490
1427
6773
8755
9326
4420
1805
3657
4301
2447
8874
5960
1020
2470
5916
4008
6066
7665
2255
7849
4184
1229
1988
1320
8844
5090
2596
1302
5806
2444
7224
867
4238
4940
4012
3597
5051
9973
9460
608
8940
460
3503
4000
4909
5968
1684
314
3425
4710
5145
5683
3163
204
6147
6337
5806
952
6312
4166
7613
3750
7415
1787
7982
6006
6303
7655
7450
2360
2354
2999
6170
3249
3623
5763
2822
3735
3862
2386
6785
8380
6149
3467
9818
4518
4496
5196
6643
8948
4532
8967
2041
7914
6814
5457
153
498
2893
945
4102
592
6707
4839
2392
5846
6911
228
9534
1563
5671
6102
1431
9058
8463
6732
7355
419
1682
7690
9004
3360
6917
9368
9938
2264
3791
7352
8613
1435
9457
1167
8685
9369
8937
7611
6661
8096
6581
4636
9139
3134
2225
3437
1973
2781
1051
7205
122
6836
8586
5199
1000
8762
2299
6996
9920
9858
7945
8449
8004
725
4128
7834
8078
7018
3853
1724
1687
9816
4284
9257
8969
576
3437
9512
1486
2575
7828
3750
817
5127
1591
5617
3003
8769
3368
2784
4462
1474
4528
8941
8670
1635
4702
984
1057
9993
3825
6543
1008
1061
5069
5303
6541
8489
9094
9471
5989
3493
2720
1392
9543
7053
5841
6633
6597
4968
2499
1498
5805
2385
9586
2544
5055
4452
2046
7019
2093
8946
1102
1684
7465
9118
3919
188
2496
619
3118
1268
9238
6457
6949
166
4362
8296
8644
8305
8565
9752
4901
2121
4679
588
8114
9009
185
5242
5758
633
8696
7957
5822
9361
2497
2062
9217
640
9800
8435
8423
537
7069
6046
7164
5710
8270
5367
387
8991
8931
3168
7097
6249
7694
4039
9353
4935
7293
9607
4923
3039
6073
9496
8623
492
294
9037
9553
5452
3292
2555
4064
7842
8772
4814
353
3688
9713
9945
6478
9775
172
2497
6284
8691
3039
8038
1586
5002
7428
1039
370
102
536
8669
641
4787
2874
795
6827
6645
4356
4046
5961
9241
5146
5757
735
5513
749
9114
349
6650
8153
8508
7314
801
7948
3637
2757
4523
7823
7425
409
9099
9754
8445
4396
225
6103
616
8017
1390
9294
9610
4585
8591
4371
3179
6475
75
2929
3600
153
7771
6552
2688
3255
3494
9600
8299
7761
6106
478
7099
7893
8653
1368
6157
7024
8614
1521
8564
8548
7426
7186
3827
2572
3494
914
1226
7555
5339
6046
2307
4181
4384
4573
1321
69
4106
9042
4664
4421
5938
6266
2063
4201
4528
2190
2022
9454
8649
324
5915
7978
6003
2688
5015
9456
5740
1260
5508
2463
5859
8558
5430
3232
4329
2387
2082
5882
5846
9964
2528
5458
679
335
1648
3558
471
6658
2823
5698
5125
4010
3972
4969
6560
7618
8610
6639
6579
4636
3827
6952
8307
1330
778
5080
585
1667
719
4127
8779
180
7742
6609
5266
2132
8069
4689
1873
2141
6071
9534
2957
4231
1831
6957
1501
3366
4353
3255
1170
9811
6373
4388
4760
9061
2351
6268
4362
4236
5642
669
8287
7954
6008
764
3289
4531
6747
5610
7078
2922
2021
7840
5524
8154
1522
2618
8511
8754
9656
5592
369
2871
5930
4123
5123
3944
7088
9192
4940
909
156
3060
3920
4797
2693
5389
5825
5050
2537
8916
7619
794
6036
464
5459
7638
2346
9313
8408
9497
8465
5047
7558
9518
1092
4956
3294
6437
4474
4721
2172
8914
2884
5009
4819
655
9021
6062
819
4300
6136
2680
9573
6980
6880
4821
9616
9923
5556
4110
6868
3651
3876
1698
7305
3249
5555
5078
9615
5909
5775
2056
8273
2452
940
8728
9415
651
5406
99
6876
9845
1321
2851
8454
7831
5056
2427
4328
4532
3327
8261
534
6655
959
2360
3441
5633
2244
4315
674
6883
7507
8779
3166
3946
2284
8273
1648
2038
234
2919
2121
7299
9870
7401
7031
5853
761
1171
2736
4481
7153
4121
6116
1358
9516
4540
1895
4015
7829
5110
862
9695
9149
8860
1302
7051
3746
7012
1229
5389
2132
4148
5858
8066
8648
9571
6964
7273
571
4031
2231
8643
974
8878
790
921
6393
4291
3319
9099
9293
6969
8153
1155
103
4500
7698
5538
5905
1446
6951
4172
2363
619
3046
8480
4470
350
7085
8868
541
979
6964
6938
2517
2066
5945
6181
9643
97
353
559
2607
8728
422
6666
7593
9264
563
9065
6830
6378
8207
8539
2914
2328
6038
5558
3310
7696
7508
3617
9913
2304
2102
6289
9025
9840
7306
7172
4038
6657
8820
7510
3388
7794
2001
2287
6388
3746
246
8272
3157
3214
9870
3727
7812
7492
6423
6953
5079
5797
3299
1470
2077
5684
9559
9342
9324
1461
8970
627
272
8641
9946
5316
7391
9989
1236
1475
6085
2733
1674
8762
211
26
3666
1042
802
5184
4433
7181
5760
4780
7199
2683
1229
4898
5147
8370
3730
5689
3641
1366
9438
8157
6183
3929
2685
3275
7632
7269
4248
6459
3539
1257
8957
7782
8173
1305
6021
9382
4853
123
8762
231
8682
3681
1238
2812
7486
768
1243
5951
3474
5387
7568
9450
4682
7707
867
474
1244
9555
3921
2774
8295
1751
5888
8118
1355
1306
3609
6596
8963
9600
6019
7406
634
9621
6810
1508
6135
2277
2520
1603
1665
2417
7029
7650
7660
5434
5665
2100
4545
9109
4773
594
7176
362
9363
4267
4688
8274
7363
9243
7505
3948
8029
6324
7855
3827
9289
3523
4591
1934
5717
9298
3168
5547
2276
3727
844
7680
8245
36
3137
1908
3198
992
4521
4587
1818
8082
1542
4482
8078
1760
3883
6993
433
6940
1058
7221
2359
9063
1640
8448
3007
5244
1865
4061
7723
1524
8395
4858
3872
2951
3413
7498
6265
4380
1802
4641
4039
600
5065
3095
1093
3153
7028
2648
1317
232
6283
1421
2259
2324
9953
3545
3549
5720
4628
7095
8475
3974
975
7180
2390
8282
6785
8831
1738
9250
734
5980
8648
5674
9302
9036
6505
9334
9728
6839
6034
8699
3508
9994
603
5285
8184
1953
3037
5948
4770
4358
2315
19
433
2059
9145
9819
9210
3286
812
42
6831
7906
6403
9738
6636
7795
6224
2150
1705
1532
6841
1353
7359
4255
8098
9914
367
5319
4420
6684
4880
1924
1132
2170
2360
7434
4469
6403
8189
5718
6422
4007
9604
9416
2587
6809
3951
1179
3924
635
6115
6671
5794
8051
4399
7913
4649
4194
3625
8523
6682
7545
4785
8329
8879
9806
4239
7585
3144
9943
7126
3319
8041
4465
89
1503
3483
7623
4130
805
2260
2124
914
8197
774
7084
8562
5243
5524
430
446
1786
1017
1815
7422
723
9930
1111
1964
5426
3615
6767
2964
6124
1482
5635
8578
5048
9867
257
2283
4601
4366
8898
5687
4580
601
1202
4427
704
3991
6367
5812
5309
3518
8212
3103
7317
9086
2009
5761
6717
2893
1864
2754
6655
4671
2396
8184
7486
9322
4311
2910
6384
4835
2368
6010
6857
6418
4790
1041
5894
8649
4885
1842
2852
4606
8716
2253
4291
1589
4285
8190
4784
404
9478
2224
1714
1147
7242
3487
8889
4025
7736
8523
5624
50
7451
9496
2831
2356
2669
29
9197
8632
4641
2539
6754
2404
7682
9407
2868
1946
1465
7505
4436
5516
2857
6631
6919
7799
4403
9061
2349
323
8114
5791
8084
8822
5131
117
8564
2995
9896
3548
7775
4607
6278
4786
6004
3830
3310
3905
4429
3148
680
1593
84
5271
8925
7401
1760
4520
2624
4616
516
2393
3047
958
4803
2924
2362
2614
8972
3321
2389
6107
9467
2274
3093
595
6490
6284
4775
4014
5031
7492
7698
4314
9934
3101
3268
655
1187
936
8723
7851
7710
3088
8401
4391
3174
266
230
7961
5350
8571
6872
2298
7277
4737
6510
6308
8792
5284
3406
6055
1161
9579
2337
3006
4309
7614
2612
4731
1148
7128
150
3758
1199
5330
8647
4768
2338
7302
9318
199
3491
290
9894
5821
1116
7377
3748
9966
3593
5229
1098
3488
5812
1392
1631
5069
7852
4595
206
5223
4330
6972
4736
3466
8100
5675
9128
6089
5021
1662
751
6810
2528
6341
2367
9627
6619
3752
1341
8228
7854
283
3297
7277
4367
20
8569
1460
574
8090
2745
6178
7099
1417
5928
6217
7425
1774
3963
2659
3042
4573
4228
5116
2708
9662
4133
1505
4688
9380
5373
4087
7182
9025
8819
5006
7572
2236
3413
6097
724
4389
9945
8688
2943
2975
7892
1854
426
579
4792
5230
9535
4795
4494
5148
2139
4430
2380
4205
3190
2630
335
9592
3383
1538
1485
8239
692
342
4290
4408
5227
9228
8665
3193
4836
3355
2672
2714
5436
4115
344
9738
5418
9821
7687
4739
5799
4070
5907
6226
1681
9698
2461
7056
8405
6294
3369
9980
9174
5665
4984
1546
9488
7706
421
6892
7927
7852
2807
9906
2821
1773
5833
5089
3750
7692
6908
1892
1258
4746
3245
4887
6913
2635
9001
1539
1643
1900
482
1583
9897
5223
9126
384
1362
6018
7148
2919
2985
5458
9487
5538
9925
1459
6524
2458
7009
9646
6109
1067
8774
6763
9993
6918
5509
5229
2195
9886
834
6244
152
3532
5909
2171
2555
8562
2023
5429
7246
1810
3151
6868
3070
6091
3994
1802
2723
247
2234
5483
1299
3910
1662
2849
9965
1557
7897
1647
4809
8011
311
5181
1703
2938
8928
5654
8233
5969
9064
5241
6340
5098
2709
9220
4250
9996
9973
2832
5745
804
7264
2927
9816
6049
5065
2007
4279
7768
1741
8524
1074
5749
737
6829
8154
8943
6658
6315
1100
6228
8122
1117
2662
5794
5095
3390
7806
6597
8575
9567
14
3360
5351
4099
1058
2916
4039
2208
6241
365
4358
7611
917
4986
5602
6909
6907
817
271
2520
667
8749
3279
430
222
2466
4182
1230
8740
5298
8134
6004
4770
5856
8027
279
3485
4081
1882
9458
8520
2247
9808
1614
9251
55
9687
4369
3159
6324
2805
7172
6576
517
707
5119
5319
6824
881
1104
6399
9167
4029
5991
8848
9747
1036
4258
6083
2423
4185
5090
4842
699
2343
4633
7098
5429
3192
5814
745
4175
3347
7909
2317
2464
3723
6612
2605
3625
7424
2720
4489
6213
7656
6118
1101
1889
7220
5827
842
2762
483
7231
2366
7463
9524
3609
8236
6239
2410
2664
1225
1921
9599
8658
6628
3096
5345
9645
6875
8414
1607
5746
1935
5912
5003
8457
9163
6148
1950
7597
9329
76
3855
3854
2994
5574
9167
132
9508
9716
4457
5829
3010
1127
2458
7669
3265
8171
6634
4834
2668
7772
6854
7157
5664
1823
9492
6027
7837
1628
428
6225
7015
6236
3849
2663
2413
7287
5539
3884
924
5757
696
7515
670
9578
3981
1723
8070
4687
778
6237
725
4164
1399
3406
1261
867
9097
6845
1525
2793
6758
4889
248
8354
650
597
1712
4120
3167
1938
4236
1802
7452
2732
3338
3301
5393
5696
762
3823
9521
3516
7175
849
8328
6684
9343
3677
481
9493
5332
3935
7016
8594
8083
2885
3652
3721
8209
1348
681
2393
4873
5593
1566
5112
9565
5032
5771
3349
2344
2796
8755
2809
7674
8767
8833
1897
9756
778
4273
1102
5954
2312
6719
1391
3396
428
805
9349
9830
2200
6421
3793
6765
3030
4910
4054
4621
1788
1565
6243
2891
3749
8102
7301
7009
4296
1110
5584
6277
388
7250
6896
2325
9003
5345
7337
7660
7126
2319
7262
8178
8844
5800
6961
5540
8252
2951
289
8428
4826
5160
7430
1108
7521
3234
4765
6753
3664
1032
4960
9874
5258
9444
3385
6419
5487
4287
9639
2252
6729
8622
8746
7903
4780
1853
5195
7196
3303
2525
2923
1281
3292
1520
1146
3799
2883
6936
5218
7264
4247
9805
1585
3555
1217
4263
1569
1926
4251
2713
9515
2854
2758
6068
7016
9157
1577
373
6966
5468
2427
4986
5457
9874
2211
8659
9766
3351
2349
6320
3152
4184
525
2004
7945
4907
1081
6624
4225
1771
374
1143
8885
1405
8027
2537
6037
1701
2949
1129
2945
4792
2987
6012
3972
1242
1313
9559
4517
322
5777
647
7617
9005
3845
9812
7301
1031
4074
1948
3406
1751
3150
6427
4831
8989
4485
4286
9734
5320
6445
9788
3761
7798
8761
7121
4010
4411
123
5201
7263
7713
5552
8483
2496
8098
8340
9038
7287
9336
2952
4676
6183
4786
1191
6618
8878
4547
7482
7991
9328
3786
4324
563
8509
3769
5121
1108
8715
5234
1887
730
1547
3947
9427
5593
1302
3371
7338
1905
7998
9716
2783
8334
1789
8354
9690
437
473
3491
5987
2734
1434
3931
713
9620
9177
1898
2890
8102
8681
7805
4881
4980
625
2974
7068
5785
3313
429
2140
3459
2157
9481
501
2188
2389
1072
25
6900
7091
2005
2492
9970
512
871
6192
9720
6226
4881
8192
4978
1302
7039
2606
7931
1504
1425
5661
9623
9055
766
7786
3695
6333
1713
3714
1847
9582
6050
661
6804
4816
7113
9011
697
6810
5823
8186
7355
5235
8755
4195
6461
6923
7780
8696
5231
4441
6264
4705
2343
2077
4890
343
8577
4389
230
9606
7143
384
2725
6122
7595
301
600
6882
4706
4105
9554
2287
6620
6586
5182
7698
3894
8191
4749
5312
6978
7254
9930
1618
2111
2586
6703
9728
5902
9466
7743
5057
3613
43
7333
2649
7380
2815
6604
6060
490
4738
1733
7306
8422
6853
6884
1586
4710
1769
5624
6778
3053
4404
5280
6269
1379
1911
9092
1315
4657
5043
8834
7023
815
5860
1585
3230
3700
1100
9954
9782
9401
6441
5499
8019
4200
7989
3283
8568
9822
6507
6020
2760
3713
213
8242
476
160
5889
7588
9594
643
130
2368
5133
5617
7055
1848
5356
9168
7979
3522
3487
5999
7828
4785
906
6535
7727
9666
2432
5363
5156
9619
799
428
6609
1732
7092
3446
9136
2999
3410
3334
1508
5978
9954
3281
4316
6507
855
4380
3127
6404
8793
8211
3394
8420
3261
1196
744
4409
9465
2116
4788
1078
5426
3942
6654
9389
2396
1936
9514
997
2210
590
1529
4079
2580
7734
2151
4285
7539
5489
6688
3712
114
4623
4564
4101
5931
3226
4786
3875
3453
8718
2742
368
9789
310
488
3574
5597
2400
268
7146
2437
734
2781
5526
214
5670
3327
1317
8313
217
8895
1998
7523
7878
4946
6935
4007
7607
4603
5135
8488
536
9316
8134
5390
7742
1652
6487
7174
1032
3845
2911
7261
8815
2582
5962
7505
7320
5405
3834
5395
839
2117
7100
3105
3933
4755
1486
9939
2350
1087
6388
375
3115
5158
6810
8589
9520
9678
1118
1470
3649
5288
4669
6310
4641
1883
7826
4292
7958
81
6305
367
4364
1359
6038
7240
2964
4581
3163
813
3265
2990
4527
73
8000
6147
4626
8282
3873
9749
7130
4980
1397
6485
1642
4978
5659
6387
2909
1451
573
7970
7409
9171
4381
754
3288
5544
9050
938
5379
6373
6457
6244
9386
5760
6504
1087
345
5403
939
1722
2032
6439
4300
6671
9903
9515
6639
7223
4639
7500
7606
247
4186
3682
8995
7743
4037
4054
2773
8276
6218
7413
2819
7738
4729
8607
8875
7800
4599
5685
1227
7592
8413
13
117
158
3631
5183
5075
499
6133
7402
2772
3066
4200
4448
3073
3920
9020
5854
3410
9206
1664
1971
1121
2509
5069
858
7224
9156
6536
2541
4846
6965
3294
4628
6859
9780
2409
1538
8216
5345
9787
2857
7903
2029
3123
4478
5339
94
7222
707
337
1375
8734
7189
6455
8503
6615
827
8737
3659
3751
6772
8913
2265
579
3998
8839
6068
8269
7775
4252
8052
1004
986
9085
7426
8921
901
232
9383
5761
7331
2236
6757
4027
4562
6983
118
7996
7855
1385
3814
9524
8381
1231
8419
8851
446
4552
9780
3091
2100
3501
3454
7916
205
9920
5059
8506
1686
1799
6958
8756
3098
1946
7900
5239
2932
1185
6925
483
8239
3808
5538
9609
6740
1436
7388
972
4384
5056
2900
9012
7893
4385
430
1585
953
3100
8838
2715
8936
1206
5254
2789
6969
3467
1233
1715
4547
5222
5030
7017
9484
2767
3445
9815
9654
3135
1841
1897
8939
9573
5947
6826
7483
1193
4874
6143
9718
9115
4533
8856
6563
3058
3883
8788
4249
529
1317
4711
852
4723
4407
8844
6219
8637
1021
4377
797
5858
5404
9703
3437
7432
4423
4046
5351
8420
8766
9015
4021
7554
4636
8525
6920
513
6203
3471
253
6713
2330
1748
7697
557
3934
173
8503
905
4494
5189
2145
4605
2210
2982
7181
1473
4860
5786
7818
3899
721
8115
199
1156
4912
3575
4619
7001
8169
2402
5244
1407
5392
8626
3960
8686
1967
1917
2695
9935
6820
7923
9115
2687
1474
4021
795
7073
8085
244
7312
7720
5891
7873
1280
2356
8344
7488
4186
7009
862
9290
5651
7460
5315
8536
7879
7040
2846
937
9442
8645
3734
5938
9781
2556
4483
8360
6133
4878
292
6943
6444
8525
8279
6529
54
419
4128
2813
586
923
6715
7239
9059
4764
6675
6235
5436
7002
2610
5365
8874
5316
9830
112
8804
9179
9088
2902
2974
5961
4087
4253
4212
8924
5226
1902
4319
4937
603
1997
9249
7970
8725
3996
7847
1123
2473
6296
3713
9235
7389
6601
6453
2576
374
9565
4786
7073
6385
4299
3794
8442
4012
1368
4961
2429
6673
8288
1667
666
5755
2595
2521
3892
5764
5422
924
3684
4960
2065
8938
832
8231
9259
5614
1672
6053
5501
1714
4909
2253
3103
3098
7451
9140
1888
2613
4677
5788
5781
3473
920
7762
2001
3405
1044
4460
5227
8476
2831
2320
8444
9907
3000
3606
6100
3214
8985
1141
4233
5998
3259
282
8004
8043
1451
520
8973
4862
4237
3678
7271
8980
398
7835
8813
3978
95
5614
1701
627
5050
7601
7022
8358
2119
1673
6103
2823
8190
8005
3223
2004
3175
7203
5282
640
5318
8838
3912
9927
6470
4435
7154
3473
6429
8473
121
2804
4164
4712
932
2803
9564
4435
7150
819
6608
784
6329
6395
2375
5703
3950
5919
2391
1056
428
4057
6127
5450
5518
6438
8391
4248
8425
1168
4618
3987
8152
8459
9361
9932
2731
8682
7664
2320
8627
4152
2438
9762
6528
9957
8905
3847
2210
7300
6337
1367
954
5775
8205
3329
7174
423
861
8548
3686
4330
7466
9452
6416
9340
735
7084
3185
8084
4329
1032
5898
4415
4148
2132
5872
6427
4893
2522
3380
5854
9807
7374
1899
5472
21
4869
6450
6123
4261
1223
6519
8060
2611
2508
4404
4626
1617
3604
2047
2058
8779
5547
8153
7837
6516
8634
5473
9336
6678
2843
6470
8754
1044
9707
7146
4068
9217
9630
6377
9669
236
7626
8750
4975
3767
1562
1977
1607
932
2652
6109
7459
3042
4464
6057
2935
6828
4679
5045
1747
795
6610
9225
9120
8064
6065
3991
6520
4410
1340
564
2221
6696
1213
3769
2389
6777
8732
7384
4369
6541
5859
9765
551
56
7185
5323
2414
621
8270
1397
5064
1693
6058
7207
1326
8176
1045
2702
6067
8162
1904
2691
6061
4985
5427
3005
6618
4828
5494
5447
4705
1258
709
18
5278
2282
3714
8671
9610
5081
7925
4629
4269
8769
4608
1453
7729
954
6544
8169
2966
576
1257
4358
1435
8609
7325
1620
4236
2034
9813
6243
981
7474
903
7437
4229
7982
5355
1713
6686
1486
613
4185
2581
4706
7419
9575
8995
8211
5381
8186
2752
5270
2231
3862
1631
5360
9806
4074
8798
3682
2334
3105
4832
687
9659
5194
5730
3891
5744
1476
8688
3554
1993
7214
2212
3766
3715
3547
4200
8292
7447
9580
9304
82
6511
3194
683
2775
200
1422
1525
23
301
6405
9361
6576
5412
7849
9022
9643
6234
3211
8231
9823
4884
5556
5706
8978
2084
9166
8562
1101
7762
3029
5988
8715
1627
292
6139
8921
9423
591
116
9578
2662
9560
6217
386
3484
7237
4186
508
970
8120
9471
3672
6675
2944
9843
8392
8236
8368
7895
2780
4371
8396
6502
494
8473
4582
2330
3494
9322
1130
5802
7813
7190
4813
6631
1796
6806
5519
2282
6600
912
4692
4987
4303
2293
4383
1558
7937
8029
8359
6164
2587
3916
7252
6425
7773
1049
2582
6063
2533
4168
8368
2105
8719
9203
9199
9603
1218
8005
6374
6717
2763
31
9481
1870
8622
9098
8062
1346
5988
3867
8245
5771
295
4324
201
4521
5749
1710
2335
1649
3419
3154
4595
7334
1174
8557
2827
8445
4447
3407
8120
7061
5053
4976
5009
1440
2872
567
3494
5652
4154
6695
7386
9113
4663
9010
6762
8898
2659
9510
5234
6281
9041
3836
5586
3345
4307
7501
4895
8996
9874
1671
3847
6805
9664
5241
1023
9843
9644
5561
1487
5129
604
3207
7670
9650
9401
3685
5037
160
6328
9776
7160
9418
3678
6795
4099
7044
1103
9229
4856
8627
6557
8323
2386
6471
2530
2067
9033
2836
6040
7252
6804
5158
5147
7344
1813
8491
6229
3470
720
3027
5812
4863
1391
7662
9715
9769
4377
1149
44
2199
401
1456
4345
9114
1523
9553
8417
2592
5558
2297
46
3721
646
618
5497
9925
6964
8395
8269
2630
7866
6810
3779
1549
7346
8345
7122
5945
5974
3680
2211
3143
2520
4725
6418
2439
5777
5182
8184
2099
9555
6937
2347
4799
1971
9463
6083
7347
825
7924
1366
6589
3626
380
7104
1106
6883
533
6836
6458
6961
5361
5564
331
323
8457
5220
3958
1830
6257
1145
9600
6692
5083
5121
5387
400
9792
1972
6416
7490
3310
7370
6090
8590
1048
6173
5073
4238
2210
8002
4894
734
786
1493
5073
7858
3912
2355
6479
8450
383
4270
1180
8241
4199
922
9975
2930
1631
3613
9974
8354
8850
565
5300
4539
9525
5227
4275
1590
8970
2528
6218
2364
3909
8458
8778
1165
7321
1049
4813
3376
6869
4830
5898
4163
907
5521
7100
6200
8052
5515
1775
7292
117
5730
6178
1530
4641
1058
539
4357
4950
6560
8985
3697
1861
7629
9442
5362
7457
1160
9445
969
9283
3259
9955
2518
8439
6828
4611
490
4801
9138
3038
1700
8690
3620
9909
4111
3994
7114
175
8909
3839
1682
3657
369
2529
5081
5583
3264
808
7232
6664
2614
8809
563
9123
2404
9017
7834
5581
6367
9976
2099
6758
3749
9283
2991
1169
2726
4169
1849
9804
1561
3612
7337
113
4657
6350
1714
5130
3290
796
5828
3916
5850
8744
3683
1916
5951
7057
612
4337
3201
8692
2982
4459
3830
8185
1669
5878
1181
7552
8129
9113
1190
3036
479
7555
7831
5061
9016
4638
7461
1081
1283
5965
7990
5177
5288
5512
5160
9336
5908
2756
1321
2441
9892
9613
6247
150
5705
224
7164
9150
9463
4217
7866
2198
1122
5615
809
486
391
1199
2079
9377
9495
167
6669
504
5351
4277
9454
3275
5447
8327
4910
5640
3542
4894
371
7208
1237
5061
3378
8300
813
9146
9911
5468
9869
9604
6350
5162
4303
1743
1513
1287
5424
1095
8417
5071
9105
7796
8680
6630
9315
5688
7514
440
3643
4246
9135
686
7827
9214
769
8497
8524
8503
7203
8988
3188
2015
7042
1177
1747
8672
9067
1172
7266
3005
6017
1585
3747
3585
8411
8419
4076
7721
6559
7523
8730
7418
6330
9096
4406
6413
1651
4640
7881
185
4650
8662
7702
9791
7889
5773
5251
7818
5403
7388
4412
3507
2484
232
8252
9771
5724
9721
2863
7386
2751
8462
41
3667
6761
856
8108
2644
7704
1248
9473
6255
3483
3229
4826
3609
7265
8322
9814
9098
7968
473
6008
3001
9241
4114
3437
1742
8553
741
7500
6484
3700
5075
6508
3999
7897
4644
2131
1420
5028
7488
2197
2686
2446
4028
7485
6763
321
3885
8160
5886
3161
9965
9009
6173
3859
2483
7090
4624
7749
2862
9006
1686
1316
7717
4205
8399
9562
7755
4024
1561
4611
6669
2220
8596
7253
8786
6476
9186
7799
5049
6089
9215
7160
3340
520
9870
1361
3984
7362
872
5537
4792
4657
7652
7801
4194
4642
3169
6964
3279
5424
1166
1053
223
5837
1084
9771
5752
3261
7338
1279
4995
119
1205
1029
624
4319
3436
3955
2552
2146
9959
4306
681
1702
2445
5871
5136
6775
7768
8436
8255
3660
2955
9413
6276
3584
1562
558
7762
6829
1238
7378
8601
8877
2227
2321
4401
7759
9279
8711
7497
7411
769
8322
5350
6837
4081
9473
9481
5655
8861
8349
4635
8712
6690
9856
8111
5706
1875
1511
8751
1763
5548
3942
7308
5889
1964
3367
9164
3022
853
6940
9055
8044
8862
7175
1284
248
1647
3710
7793
2163
8107
5080
8940
3582
1342
8150
6165
4800
1078
754
4458
2377
5768
2667
1923
2342
4236
7826
8542
2990
3412
7099
6293
9173
824
1815
1955
7106
3015
7269
4974
159
9708
690
904
4274
1544
6499
6373
3459
6106
2390
412
7237
2945
8568
421
2839
9226
5260
8887
3996
4691
5825
6681
4616
6740
8201
7687
7942
3046
8443
9208
2402
6101
6629
6841
5207
3606
4376
7975
1554
6249
1734
9875
3941
9271
8978
6340
1094
6604
354
3697
5187
7796
4165
3761
7978
7087
1691
3354
9920
1994
8964
2690
314
3710
1226
2577
2002
1106
797
9031
8421
32
3256
5537
2003
334
3511
4479
8043
432
755
7422
4324
5759
6270
2890
3658
8339
2089
4325
8400
3702
3743
8428
3497
2619
4598
5592
3757
1673
6677
9119
651
2910
3188
8978
4244
140
5426
392
8845
9573
2719
9693
1679
9040
3649
2879
8100
6140
3389
8012
7903
8599
8613
491
2504
7108
9129
6381
968
913
7322
9677
6419
8164
7402
4214
7048
7648
9814
1022
4525
6238
6617
3781
4170
174
7751
9049
8899
4226
3457
1178
4787
9179
5526
9852
9944
8004
7110
4966
3641
7483
2624
1577
6855
8184
6396
5906
3253
54
8687
7296
8517
8862
6391
5976
1052
5647
6469
7937
1105
7968
7698
4659
5557
3211
4069
2256
3446
462
6573
5375
5315
6680
3330
6215
919
3035
5387
9877
8685
1985
2884
2896
9373
2287
114
2087
3658
346
9047
8098
7187
2675
7608
5932
2374
8226
9326
6765
2392
3407
9298
1319
4718
3216
7950
1491
3879
7150
4535
2718
8977
6891
7035
5350
8122
5038
3643
4879
9071
82
1426
1954
1382
9000
10
2400
8371
6473
9751
2855
17
9726
6573
3953
5316
341
2687
3129
6217
1187
6903
6135
8078
2932
8253
7732
7204
1072
1827
7758
2204
3515
490
2716
4327
7463
3356
5630
1428
1897
7560
9623
2466
2949
6675
2893
3914
8968
2970
2929
7905
5670
1784
8914
789
9762
806
2893
279
3720
5946
1631
4567
6293
8050
7744
8077
6449
644
4679
2490
5722
4174
5949
8692
