43
454
128
7
620
537
455
151
719
638
685
985
677
960
97
264
866
986
726
600
252
277
272
183
125
83
776
366
701
254
494
387
970
692
826
960
291
852
429
34
8
783
667
13
709
314
593
690
676
310
209
901
417
774
926
413
537
867
7
943
420
37
998
843
826
659
442
644
715
866
121
989
418
966
666
779
456
560
629
543
806
70
580
40
29
1
509
8
837
551
810
6
476
143
395
328
92
541
819
698
799
784
329
991
61
766
524
723
526
694
787
250
119
960
79
893
10
514
220
380
851
632
492
220
167
4
847
255
11
510
753
646
977
545
371
979
56
345
561
75
392
410
461
352
194
434
961
521
737
21
749
936
437
705
253
415
224
917
360
676
979
575
892
22
258
31
2
790
376
907
827
511
482
788
322
141
914
767
64
926
179
275
483
518
636
311
353
122
543
108
355
399
42
881
160
452
816
876
251
559
648
189
731
815
45
987
13
54
237
373
499
995
780
289
988
132
447
706
35
509
62
834
543
629
348
862
588
770
688
553
641
129
867
302
351
776
170
359
285
581
506
624
173
913
186
304
540
635
582
854
345
578
466
251
461
365
264
399
548
525
659
585
346
186
293
373
708
410
968
955
637
745
830
395
528
486
617
574
250
178
838
644
890
525
967
838
104
632
272
3
18
875
153
879
871
570
295
996
484
723
687
663
32
622
922
430
575
782
715
113
823
18
341
240
12
423
339
987
628
107
779
485
202
884
189
349
363
682
280
521
186
649
23
337
697
980
57
11
431
229
390
796
642
99
791
161
482
659
391
594
510
889
425
843
605
426
119
288
64
542
160
7
724
581
530
308
210
639
839
739
206
118
429
277
823
7
934
676
109
923
313
444
72
965
350
920
333
916
720
475
508
181
131
108
315
378
842
255
211
681
208
675
54
300
495
979
641
692
298
138
513
668
375
95
842
588
193
8
1000
342
774
971
475
15
683
309
831
364
571
135
403
249
204
142
640
43
964
999
938
837
999
434
382
81
636
327
823
883
279
75
248
755
339
510
613
570
567
236
124
390
513
729
916
939
851
191
734
185
903
695
405
95
945
239
449
625
167
578
328
302
302
71
946
856
775
993
938
399
566
287
493
267
901
97
399
543
629
697
146
527
758
944
141
900
365
69
29
672
107
301
9
874
744
713
683
114
63
445
809
598
139
162
34
926
226
728
148
901
169
574
820
457
866
88
315
14
450
39
249
683
96
387
846
125
748
807
945
610
839
454
108
843
244
658
111
830
206
50
260
175
215
846
69
517
623
145
326
234
801
86
291
865
669
8
151
632
124
780
801
237
92
673
794
623
728
33
354
333
716
560
200
539
738
842
922
95
681
895
280
500
417
620
442
746
191
589
903
918
802
335
780
919
450
278
514
184
418
616
720
994
343
280
750
718
601
200
573
201
730
371
852
6
834
908
83
346
481
713
197
341
110
458
268
344
70
18
836
959
300
192
77
712
169
427
925
499
230
850
858
790
893
839
908
315
425
652
773
514
929
43
684
360
316
80
345
761
542
256
214
791
226
359
826
288
149
904
752
162
444
804
688
621
688
212
182
313
927
604
155
551
297
106
940
167
449
648
414
930
308
12
579
248
387
531
595
859
112
545
21
260
177
245
71
557
195
246
249
710
945
251
411
491
127
792
580
784
117
276
524
217
514
204
924
968
439
712
112
457
299
282
498
853
333
612
5
438
805
148
46
691
415
285
260
767
619
460
720
460
903
533
451
227
231
754
348
316
430
43
189
858
923
548
126
50
868
568
340
44
615
912
326
756
879
24
793
22
963
692
353
297
713
367
972
375
93
46
126
232
434
900
250
765
270
810
745
64
129
53
1
665
35
261
225
83
989
574
378
705
958
158
774
578
821
353
599
662
120
717
411
741
28
295
997
225
924
531
18
276
201
457
181
899
76
517
364
769
397
314
619
589
551
223
380
692
780
797
741
986
289
912
837
418
762
783
202
16
464
43
58
533
970
333
179
260
18
395
913
406
332
295
192
78
323
713
96
329
780
451
877
694
481
608
953
467
720
734
837
629
423
481
993
613
737
864
769
906
701
313
541
253
823
148
958
34
239
968
416
964
637
547
367
208
425
553
628
981
397
738
255
89
475
170
318
366
226
929
733
202
984
676
440
514
107
14
550
987
576
992
102
175
811
293
633
6
199
526
634
817
440
991
823
280
870
236
962
225
341
149
57
615
504
258
773
624
897
258
893
39
833
50
171
107
469
641
922
497
426
159
717
646
